
gap  <- c(40, 40, 30, 50, 40, 40)
eul <- c(30, 30, 30, 40, 20 , 30)
